# id	left	top	right	bottom	texture_id
[SPRITES]
#######red#############
###walk
#left
140001	6	130	21	155	10
140002	28	129	43	155	10

#right
140003	458	130	473	155	70
140004	436	129	451	155	70

#shell
140010	50	139	65	154	10

#extend
140011	71	139	88	154	10
###############################


#########GREEN##############
##walk
#left
141001	0	51	15	76	50
141002	16	51	31	77	50

#right
141003	672	51	687	76	60
141004	656	51	671	77	60

#shell
141010	32	48	47	63	50

#extend
141011	32	64	47	79	50


#ani_id	sprite1_id	time1	sprite2_id	time2	...
[ANIMATIONS]

####RED########
#walk left
16000	140001	100	140002	100
#walk right 
16001	140003	100	140004	100

#shell
16002	140010	100

#revive
16003	140011	100	140010	100


####GREEN########
#walk left
16010	141001	100	141002	100
#walk right
16011	141003	100	141004	100
#shell
16012	141010	100

#revive
16013	141011	100	141010	100