[ASSETS]
mario.txt
coin.txt
brick.txt
Pipe.txt
Tail.txt
Coin.txt

[OBJECTS]


#mario
0	140	56
#tail
24	60	10

#brick
1	0	0	30	1	20001

1	0	16	7	12	20001
#floor
1	112	176	20	2	20001

1	144	16	12	1	20001

1	368	16	6	11	20001

1	240	160	8	1	20001
1	256	144	7	1	20001
1	272	128	6	1	20001
1	288	112	5	1	20001
1	304	96	4	1	20001
1	320	80	3	1	20001

#pipe
11	112	16	2	110005	110006	110007	110008	1
11	336	16	2	110005	110006	110007	110008	1


#portal
50	342	32	358	52	5	1
#coin
4	224	144	0
4	208	144	0

4	192	128	0
4	240	128	0
4	240	112	0

4	224	96	0
4	208	96	0

4	240	80	0
4	192	64	0
4	240	64	0

4	224	48	0
4	208	48	0
