# list of object assets to load in this scene
[ASSETS]
mario.txt
coin.txt
cloud.txt
brick.txt
ColorBox.txt
BasePlatform.txt
Decor.txt
goomba.txt
MysteryBox.txt
RedMushroom.txt
Pipe.txt
FirePlant.txt
FireBall.txt
Koopa.txt
Invis_block.txt
Tanuki_Leaf.txt
WingGoomba.txt
CloudBlock.txt
Shadow.txt
GoldBrick.txt
Wood.txt
FirePlant_Short.txt
Chomper.txt
WingKoopa.txt
Btn.txt
Hidden_coin.txt


#################################
[OBJECTS]
# type	x	y	extra_settings per object type
# type: 0 = Mario , 1 = Brick, 2 = Goomba, 3 = Koopas, 5 = Platform, 6= Decoration
#		7 = mystery box , 8 = red mushroom	,	10=colorbox
#		11 = pipe	,	12 = fireplant
# See Object_id in AssetID.h
###############################

#BRICK
1	240	360	1	1	20001

#########[Decoration]##############
#bush
6	48	160	71000
6	95	162	71100
6	160	178	71300
6	176	178	71300
6	192	178	71300

6	870	140	71001	
6	662	162	71300
6	678	162	71300
6	694	162	71300
6	710	162	71300
6	726	162	71300
6	948	146	71100

6	1044	162	71300
6	1060	162	71300

6	1188	178	71300
6	1204	178	71300

6	1668	178	71300
6	1684	178	71300
6	1700	178	71300

#bfore goldbrick
6	1884	162	71100

#cloud
6	136	80	72100
6	336	64	72200
6	660	70	72200
6	740	90	72000

##################################
#ColorBox - 10
#Shadow - 17
#id	x	y	cellW	cellH	width	height tl	tm	tr...



10	272	114	16	16	3	5	100101	100102	100103	100104	100105	100106	100107	100108	100109
17	316	122	5	170001	170002

10	240	146	16	16	3	3	100001	100002	100003	100004	100005	100006	100007	100008	100009
17	284	154	3	170001	170002

10	512	82	16	16	4	7	100301	100302	100303	100304	100305	100306	100307	100308	100309
10	464	114	16	16	4	5	100001	100002	100003	100004	100005	100006	100007	100008	100009
17	572	90	7	170001	170002
17	524	118	5	170001	170002
10	400	146	16	16	5	3	100201	100202	100203	100204	100205	100206	100207	100208	100209
10	512	162	16	16	6	2	100201	100202	100203	100204	100205	100206	100207	100208	100209


17	476	154	3	170001	170002
17	604	170	2	170001	170002

###UP HIGH

10	1284	-63	16	16	4	2	100001	100002	100003	100004	100005	100006	100007	100008	100009
###

##At Wing koopa#

10	1300	98	16	16	8	6	100101	100102	100103	100104	100105	100106	100107	100108	100109

10	1268	130	16	16	8	4	100001	100002	100003	100004	100005	100006	100007	100008	100009
10	1236	162	16	16	8	2	100201	100202	100203	100204	100205	100206	100207	100208	100209



17	1360	170	3	170001	170002
17	1392	138	5	170001	170002
17	1424	106	7	170001	170002
#################




# MARIO
0	1960	10
#0	1200	10
#tail
24	60	10


##########COIN############################
#
4	1076	98	0
4	1092	66	0
4	1124	34	0
4	1156	2	0
4	1188	-30	0

4	1444	-95	0
4	1460	-95	0

4	1508	-79	0
4	1524	-79	0
4	1540	-79	0
4	1556	-79	0

4	1588	-95	0
4	1604	-95	0
4	1620	-95	0
4	1636	-95	0

4	1668	-63	0
4	1700	-95	0
4	1732	-79	0

4	1300	-127	0
4	1316	-127	0
4	1332	-127	0

4	1780	-111	0
4	1812	-95	0
#tanuki leaf
9	646	164	
9	1444	146


#green mushroom
8	1412	-79	2	1
#goldbrick up high
18	1412	-79	1	-1


#Cloud BLOCK

16	1380	-15
16	1396	-15
16	1412	-15
16	1428	-15




16	1460	-30
16	1476	-30
16	1492	-30
16	1508	-30
16	1524	-30
16	1540	-30
16	1556	-30
16	1572	-30
16	1588	-30
16	1604	-30
16	1620	-30
16	1636	-30
16	1652	-30


#coin inside mystery box
4	177	135	1
4	193	135	1
4	224	87	1

4	416	98	1

4	696	130	1
#
##########################################


##FIREBALL######################################
#id x1 y1
13	360	116
25	1836	124

#fire plant
#12	360	140

#short fireplant
#20	1836	140

#chomper
#21	1772	156


#PIPE
#id	x	y	height	TL	TR	BL	BR	accessibility (1 yes, 2 no)
11	352	146	3	110001	110002	110003	110004	0

11	1764	162	2	110001	110002	110003	110004	0
11	1828	146	3	110001	110002	110003	110004	0

11	2228	-111	12	110001	110002	110003	110004	0	

11	2228	162	2	110001	110002	110003	110004	0
11	2292	162	2	110001	110002	110003	110004	0
################################################


#Invisible block as barrier

15	496	146
15	608	146

15	2050	144
15	2092	144

15	2212	178


#Portal
#id	l	t	r	b	scene	dir
50	200	160	216	200	6	2




#button
23	2004	144

#GOLDBRICK	
18	80	140	1	-1

18	1924	178	2	0
18	1940	178	2	1
18	1956	178	2	2
18	1972	178	2	3
18	1988	178	2	4
18	2004	178	2	5
18	2020	178	2	6

18	2068	178	2	7
18	2084	178	2	8

18	1940	162	2	9
18	1956	162	2	10
18	1972	162	2	11
18	1988	162	2	12
18	2004	162	2	13

18	2068	162	2	14

18	1956	146	2	15
18	1972	146	2	16
18	1988	146	2	17
18	2004	146	1	-1

#hidden coin accordingly

26	1927	178	0
26	1943	178	1
26	1959	178	2
26	1975	178	3
26	1990	178	4
26	2007	178	5
26	2023	178	6

26	2071	178	7
26	2087	178	8

26	1943	162	9
26	1959	162	10
26	1975	162	11
26	1990	162	12
26	2007	162	13

26	2071	162	14

26	1959	146	15
26	1975	146	16
26	1990	146	17





#Platform#########################
#
5 	5	194	16	15	39	61000	62000	63000
5	5	210	16	16	39	64000	65000	66000

5 	628	178	16	15	29	61000	62000	63000
5	628	194	16	16	29	64000	65000	66000

5	1156	194	16	15	20	61000	62000	63000

5	1508	194	16	15	5	61000	62000	63000

5	1636	194	16	15	36	61000	62000	63000
5	2228	194	16	15	36	61000	62000	63000
#
#
#############################################



#RedMushroom
8	240	87	1

#WOOD
19	1476	114
19	1492	114




19	1540	178

19	1556	178
19	1556	162

19	1572	178
19	1572	162
19	1572	146

19	1636	178
19	1636	162
19	1636	146

19	1652	178
19	1652	162

19	1668	178

19	2228	146
19	2244	146

19	2228	80
19	2244	80

###---MysteryBox---###
#id	x	y	content
#content: 1-coin	2-powerup	3-sth
7	176	135	1
7	192	135	1
7	224	87	1
7	240	87	2

7	416	98	1

7	646	162	2
7	694	130	1

7	1444	146	2	
#####################
#Wing Goomba
#14	848	130

#wing koopa
22	1300	60
22	1350	60
22	1410	60
#Goomba
#2	330	170
2	464	170

#2	800	162
#2	768	162

#KOOPA
#	x	y	type
#type: 1-red	2-green
3	550	140	1
3	2080	144	1
3	1430	170	2
#GOLDBRICK
18	80	140	1	-1