# id	left	top	right	bottom	texture_id
[SPRITES]

##########WING
#####LEFT
#wing down
200001	93	130	108	155	10
200002	114	129	129	155	10
#wing up
200003	135	129	150	155	10
200004	157	128	172	155	10

#####RIGHT
#wing DOWN
200005	371	130	386	155	70
200006	350	129	365	155	70

#wing UP
200007	329	129	344	155	70
200008	307	128	322	155	70

###################walk
#left
200009	0	51	15	76	50
200010	16	51	31	77	50

#right
200011	672	51	687	76	60
200012	656	51	671	77	60

#shell
200013	32	48	47	63	50

#extend
200014	32	64	47	79	50




# ani_id	sprite1_id	time1	sprite2_id	time2	...
[ANIMATIONS]

###walking

#left
25003	200009	100	200010	100
#right
25004	200011	100	200012	100

#with wing

#left
25001	200001	100	200002	100	200003	100
#right
25002	200005	100	200006	100	200007	100

#Shell
25005	200013	100
#Revive
25006	200014	100	200013	100
